8358
0
(20, 20, 30)|(20, 20, 30)|(20, 20, 30)|(20, 20, 30)|(20, 20, 30)|(20, 20, 30)|(20, 20, 30)|(20, 20, 30)
(20, 20, 30)|(20, 20, 30)|(20, 20, 30)|(20, 20, 30)|(20, 20, 30)|(20, 20, 30)|(20, 20, 30)|(20, 20, 30)
(20, 20, 30)|(20, 20, 30)|(20, 20, 30)|(20, 20, 30)|(20, 20, 30)|(20, 20, 30)|(20, 20, 30)|(20, 20, 30)
(20, 20, 30)|(20, 20, 30)|(20, 20, 30)|(20, 20, 30)|(20, 20, 30)|(20, 20, 30)|(20, 20, 30)|(20, 20, 30)
(20, 20, 30)|(20, 20, 30)|(20, 20, 30)|(20, 20, 30)|(20, 20, 30)|(20, 20, 30)|(20, 20, 30)|(20, 20, 30)
(20, 20, 30)|(20, 20, 30)|(20, 20, 30)|(20, 20, 30)|(20, 20, 30)|(20, 20, 30)|(20, 20, 30)|(20, 20, 30)
(20, 20, 30)|(20, 20, 30)|(20, 20, 30)|(20, 20, 30)|(20, 20, 30)|(20, 20, 30)|(20, 20, 30)|(20, 20, 30)
(20, 20, 30)|(20, 20, 30)|(20, 20, 30)|(20, 20, 30)|(20, 20, 30)|(20, 20, 30)|(20, 20, 30)|(20, 20, 30)
{'type': 'Square1x1', 'color': (220, 200, 100), 'x': 714, 'y': 216, 'cell_size': 40}
{'type': 'TShape', 'color': (220, 200, 100), 'x': 714, 'y': 366, 'cell_size': 40}
{'type': 'TShape', 'color': (220, 150, 80), 'x': 714, 'y': 516, 'cell_size': 40}
